0 0.0578125 0.6890625 0.115625 0.62109375
0 0.1078125 0.6171875 0.10859375 0.46640625
0 0.17421875 0.6171875 0.1296875 0.59453125
0 0.259375 0.653125 0.0671875 0.43828125
0 0.328125 0.6515625 0.0859375 0.4921875
0 0.396875 0.64453125 0.0875 0.57734375
0 0.48515625 0.64921875 0.075 0.5546875
0 0.60859375 0.64609375 0.0484375 0.5640625
0 0.66640625 0.65 0.06015625 0.57734375
0 0.74140625 0.65234375 0.0734375 0.5359375
0 0.79921875 0.59296875 0.071875 0.69609375
0 0.865625 0.69296875 0.07421875 0.484375
0 0.940625 0.6796875 0.0953125 0.5359375